{
    "08437cca1420fadbceb39818cc68a000eb0cf37e": [
        {
            "rotation": [
                [
                    1.5700924318127872e-16,
                    1.0,
                    -1.5700924318127872e-16
                ],
                [
                    -0.7071067690849304,
                    2.220446049250313e-16,
                    0.7071067690849304
                ],
                [
                    0.7071067690849304,
                    0.0,
                    0.7071067690849304
                ]
            ],
            "translation": [
                0.0,
                0.10000000149011612,
                -0.15000000596046448
            ],
            "fingers": [
                -0.20000000298023224,
                0.0,
                0.20000000298023224,
                1.5,
                0.800000011920929,
                0.800000011920929,
                0.800000011920929,
                0.30000001192092896,
                0.800000011920929,
                0.800000011920929,
                0.800000011920929,
                0.4000000059604645,
                0.5,
                0.5,
                0.5,
                0.5
            ]
        },
        {
            "rotation": [
                [
                    2.0514245950926577e-16,
                    1.0,
                    -8.497279016899981e-17
                ],
                [
                    -0.9238795042037964,
                    2.220446049250313e-16,
                    0.3826834261417389
                ],
                [
                    0.3826834261417389,
                    0.0,
                    0.9238795042037964
                ]
            ],
            "translation": [
                0.0,
                0.14000000059604645,
                -0.1599999964237213
            ],
            "fingers": [
                -0.20000000298023224,
                0.0,
                0.20000000298023224,
                1.5,
                0.800000011920929,
                0.800000011920929,
                0.800000011920929,
                0.30000001192092896,
                0.800000011920929,
                0.800000011920929,
                0.800000011920929,
                0.4000000059604645,
                0.5,
                0.5,
                0.5,
                0.5
            ]
        },
        {
            "rotation": [
                [
                    0.3826834261417389,
                    2.220446049250313e-16,
                    0.9238795042037964
                ],
                [
                    -0.9238795042037964,
                    2.220446049250313e-16,
                    0.3826834261417389
                ],
                [
                    -1.2016967595771086e-16,
                    -1.0,
                    2.901152430608207e-16
                ]
            ],
            "translation": [
                -0.1599999964237213,
                0.14000000059604645,
                -3.552713599391162e-17
            ],
            "fingers": [
                -0.20000000298023224,
                0.0,
                0.20000000298023224,
                1.5,
                0.800000011920929,
                0.800000011920929,
                0.800000011920929,
                0.30000001192092896,
                0.800000011920929,
                0.800000011920929,
                0.800000011920929,
                0.4000000059604645,
                0.5,
                0.5,
                0.5,
                0.5
            ]
        },
        {
            "rotation": [
                [
                    -1.582772515033184e-16,
                    -1.0,
                    1.981153947695053e-16
                ],
                [
                    -0.9238795042037964,
                    2.220446049250313e-16,
                    0.3826834261417389
                ],
                [
                    -0.3826834261417389,
                    -1.2246468525851679e-16,
                    -0.9238795042037964
                ]
            ],
            "translation": [
                -1.959434864874595e-17,
                0.14000000059604645,
                0.1599999964237213
            ],
            "fingers": [
                -0.20000000298023224,
                0.0,
                0.20000000298023224,
                1.5,
                0.800000011920929,
                0.800000011920929,
                0.800000011920929,
                0.30000001192092896,
                0.800000011920929,
                0.800000011920929,
                0.800000011920929,
                0.4000000059604645,
                0.5,
                0.5,
                0.5,
                0.5
            ]
        },
        {
            "rotation": [
                [
                    5.5378219998098105e-18,
                    -1.0,
                    1.1842854679507044e-16
                ],
                [
                    -0.4377676844596863,
                    -1.0890199370708093e-16,
                    -0.8990881443023682
                ],
                [
                    0.8990881443023682,
                    -4.6865204697224915e-17,
                    -0.4377676844596863
                ]
            ],
            "translation": [
                0.0,
                0.10000000149011612,
                -0.1899999976158142
            ],
            "fingers": [
                -0.20000000298023224,
                0.0,
                0.20000000298023224,
                1.5,
                0.800000011920929,
                0.800000011920929,
                0.800000011920929,
                0.30000001192092896,
                0.800000011920929,
                0.800000011920929,
                0.800000011920929,
                0.4000000059604645,
                0.5,
                0.5,
                0.5,
                0.5
            ]
        },
        {
            "rotation": [
                [
                    0.5284707546234131,
                    -0.80901700258255,
                    -0.2573133707046509
                ],
                [
                    -0.4377676844596863,
                    -1.0890199370708093e-16,
                    -0.8990881443023682
                ],
                [
                    0.7273775935173035,
                    0.5877852439880371,
                    -0.35416150093078613
                ]
            ],
            "translation": [
                -0.11167919635772705,
                0.10000000149011612,
                -0.15371322631835938
            ],
            "fingers": [
                -0.20000000298023224,
                0.0,
                0.20000000298023224,
                1.5,
                0.800000011920929,
                0.800000011920929,
                0.800000011920929,
                0.30000001192092896,
                0.800000011920929,
                0.800000011920929,
                0.800000011920929,
                0.4000000059604645,
                0.5,
                0.5,
                0.5,
                0.5
            ]
        },
        {
            "rotation": [
                [
                    1.0456872535016064e-16,
                    1.0,
                    -1.7203963107206946e-16
                ],
                [
                    -0.4377676844596863,
                    -1.0890199370708093e-16,
                    -0.8990881443023682
                ],
                [
                    -0.8990881443023682,
                    1.6932989326446415e-16,
                    0.4377676844596863
                ]
            ],
            "translation": [
                -2.32682895373737e-17,
                0.10000000149011612,
                0.1899999976158142
            ],
            "fingers": [
                -0.20000000298023224,
                0.0,
                0.20000000298023224,
                1.5,
                0.800000011920929,
                0.800000011920929,
                0.800000011920929,
                0.30000001192092896,
                0.800000011920929,
                0.800000011920929,
                0.800000011920929,
                0.4000000059604645,
                0.5,
                0.5,
                0.5,
                0.5
            ]
        },
        {
            "rotation": [
                [
                    0.8990881443023682,
                    -2.6890979969608887e-16,
                    -0.4377676844596863
                ],
                [
                    -0.4377676844596863,
                    -1.0890199370708093e-16,
                    -0.8990881443023682
                ],
                [
                    1.9409984979458907e-16,
                    1.0,
                    -2.1563249933986725e-16
                ]
            ],
            "translation": [
                -0.1899999976158142,
                0.10000000149011612,
                -4.2188474406360357e-17
            ],
            "fingers": [
                -0.20000000298023224,
                0.0,
                0.20000000298023224,
                1.5,
                0.800000011920929,
                0.800000011920929,
                0.800000011920929,
                0.30000001192092896,
                0.800000011920929,
                0.800000011920929,
                0.800000011920929,
                0.4000000059604645,
                0.5,
                0.5,
                0.5,
                0.5
            ]
        },
        {
            "rotation": [
                [
                    -0.8990881443023682,
                    2.6890979969608887e-16,
                    0.4377676844596863
                ],
                [
                    -0.4377676844596863,
                    -1.0890199370708093e-16,
                    -0.8990881443023682
                ],
                [
                    -1.9409984979458907e-16,
                    -1.0,
                    2.1563249933986725e-16
                ]
            ],
            "translation": [
                0.1899999976158142,
                0.10000000149011612,
                4.2188474406360357e-17
            ],
            "fingers": [
                -0.20000000298023224,
                0.0,
                0.20000000298023224,
                1.5,
                0.800000011920929,
                0.800000011920929,
                0.800000011920929,
                0.30000001192092896,
                0.800000011920929,
                0.800000011920929,
                0.800000011920929,
                0.4000000059604645,
                0.5,
                0.5,
                0.5,
                0.5
            ]
        }
    ]
}
